0 0.7521184007159234 0.12301017306556788 0.05236698426654318 0.1118248238702213
0 0.7979273148556414 0.40147864653979426 0.05377297869363573 0.1002848363056224
0 0.7052084327327228 0.397283477124152 0.05310371255135082 0.07972799244505879
0 0.26561815583340853 0.224320373597916 0.025900989339192104 0.053775315439135274
0 0.22462754327568477 0.22623797965583645 0.028608247391766872 0.04491431043359101
3 0.25128284053530714 0.8296304521700582 0.15358107319596556 0.14221861498699495
1 0.24157421727656903 0.556854755654388 0.21028988990043804 0.2756219214849878
2 0.2503011754893696 0.7324171860424897 0.18734959391622125 0.0663200560785927
0 0.4082542795865821 0.4651049549423637 0.04909224962393316 0.0380665934726902
4 0.7495153361382594 0.5612800328602283 0.26987024340928656 0.6420440312022001
0 0.7482 0.51305 0.14100000000000001 0.1397
0 0.24771646638036796 0.2845474024290436 0.07138047145517573 0.07041828335904521
