0 0.27554999999999996 0.07775 0.1033 0.0521
1 0.29655 0.18075 0.1315 0.03570000000000001
2 0.34904999999999997 0.27780000000000005 0.0943 0.09400000000000003
2 0.52275 0.2782 0.09550000000000003 0.08520000000000003
2 0.6944999999999999 0.27690000000000003 0.08760000000000001 0.07760000000000003
1 0.2672 0.39954999999999996 0.07499999999999998 0.02949999999999997
0 0.6295999999999999 0.8631 0.0683999999999999 0.07379999999999998
0 0.7153 0.8444499999999999 0.06459999999999999 0.07589999999999997
0 0.2814 0.49440000000000006 0.06480000000000002 0.05680000000000002
3 0.7535499999999999 0.08360000000000001 0.04789999999999994 0.0398
