0 0.2756 0.0655 0.0988 0.061
3 0.2732 0.3086 0.07420000000000002 0.03220000000000006
1 0.4317 0.4609 0.15660000000000002 0.0736
1 0.25849999999999995 0.36755000000000004 0.04419999999999996 0.04570000000000002
1 0.2731 0.1866 0.07780000000000001 0.0416
1 0.25465 0.5725 0.03790000000000002 0.024600000000000066
1 0.2646 0.8106500000000001 0.05400000000000002 0.023299999999999987
1 0.39955 0.6787000000000001 0.1391 0.02420000000000011
0 0.36750000000000005 0.2424 0.04899999999999999 0.0658
0 0.45885 0.2872 0.04849999999999999 0.06919999999999998
0 0.5479 0.24915 0.05120000000000002 0.0681
