0 0.0734 0.12745 0.1232 0.06389999999999998
0 0.785 0.28049999999999997 0.10699999999999998 0.15319999999999998
0 0.91665 0.54615 0.06510000000000005 0.2545
0 0.70855 0.63765 0.04489999999999994 0.060900000000000065
0 0.1533 0.53855 0.029200000000000004 0.04049999999999998
0 0.4203 0.6456 0.0242 0.03620000000000001
0 0.6363000000000001 0.7714 0.05120000000000002 0.032399999999999984
0 0.4496 0.7321500000000001 0.049000000000000044 0.028900000000000037
0 0.28300000000000003 0.6995 0.046999999999999986 0.030999999999999917
0 0.07425000000000001 0.65655 0.0417 0.026100000000000012
2 0.68825 0.1247 0.5543000000000001 0.1588
2 0.2837235281322506 0.07244465852130327 0.33635294373549884 0.1103106829573935
0 0.77165 0.42835 0.030099999999999905 0.08850000000000002
