0 0.11589068825910931 0.09055405193817523 0.11032388663967613 0.09733598765294023
1 0.10425101214574899 0.2968640257677769 0.1437246963562753 0.11637998523721119
3 0.26077632323561617 0.28694197645178166 0.07655820508826539 0.12302594850153212
4 0.21019530874899725 0.45929220332580495 0.033410318715980936 0.19190526099551286
0 0.4850921386327378 0.39031147420008505 0.04238770982317064 0.027182844790509086
2 0.34826644361368647 0.5677722067845741 0.5351217089553494 0.04334344984375382
3 0.656158104476557 0.44238924744988206 0.12682590043288777 0.07693887744295841
1 0.21951497391605648 0.9171062727166044 0.25371846455747477 0.07401290015820272
3 0.50515 0.5004500000000001 0.08509999999999995 0.0857
2 0.50595 0.42885 0.08489999999999998 0.057699999999999974
2 0.4232 0.02185 0.1316 0.0437
3 0.58955 0.02215 0.1483 0.0443
4 0.16799999999999998 0.48145 0.06260000000000002 0.13590000000000002
4 0.2496 0.45865 0.06300000000000003 0.18629999999999997
4 0.32455 0.4378 0.10050000000000003 0.22860000000000003
4 0.41735 0.48405 0.09789999999999999 0.12830000000000003
3 0.5004 0.76665 0.2045999999999999 0.10389999999999999
3 0.7558 0.7702 0.18220000000000014 0.11280000000000012
3 0.24644999999999997 0.7659500000000001 0.1659 0.13130000000000008
