0 0.22425 0.10074999999999999 0.08330000000000001 0.1031
3 0.6464 0.1022 0.07539999999999991 0.051799999999999985
4 0.35695 0.72435 0.041100000000000025 0.044300000000000006
4 0.50035 0.72585 0.01789999999999997 0.05590000000000006
4 0.5771 0.7166 0.015000000000000013 0.046599999999999975
4 0.6537 0.7112 0.046800000000000064 0.042400000000000104
0 0.64925 0.7102999999999999 0.024899999999999922 0.033399999999999985
0 0.5767500000000001 0.7084999999999999 0.007299999999999973 0.009000000000000008
0 0.50055 0.7129 0.009299999999999975 0.015600000000000058
0 0.35355000000000003 0.72265 0.021699999999999997 0.02970000000000006
1 0.34685 0.7834 0.05570000000000003 0.03420000000000001
1 0.42375 0.77325 0.04569999999999996 0.013299999999999979
1 0.50055 0.7734 0.07209999999999994 0.013600000000000056
1 0.5771999999999999 0.7830829869721221 0.06279999999999997 0.03216597394424392
1 0.6538499999999999 0.7819999999999999 0.06149999999999989 0.03279999999999994
