1 0.5 0.11650902844744454 1.0 0.13441805689488912
2 0.49924999999999997 0.22724999999999998 0.9984999999999999 0.10349999999999998
1 0.5009727979419344 0.336665450920493 0.8637145337492962 0.09589135768049861
2 0.48214999999999997 0.3945557471264368 0.7053 0.05249999999999999
0 0.09040000000000001 0.7323999999999999 0.111 0.027999999999999914
0 0.21575 0.7721 0.1005 0.02200000000000002
0 0.37045 0.7335 0.13570000000000004 0.0242
0 0.5297000000000001 0.7345999999999999 0.14360000000000006 0.03080000000000005
0 0.67985 0.7754000000000001 0.1149 0.027200000000000002
0 0.7987 0.80225 0.09399999999999997 0.020499999999999963
0 0.9279 0.7519 0.12279999999999991 0.027200000000000002
0 0.50245 0.59145 0.42149999999999993 0.06230000000000002
4 0.5 0.7215499999999999 1.0 0.2893
3 0.49939999999999996 0.91035 0.5242 0.08330000000000004
2 0.86065 0.47719999999999996 0.21789999999999998 0.08499999999999996
