0 0.21745 0.02825 0.043899999999999995 0.0331
3 0.49915 0.06715 0.22809999999999997 0.03690000000000001
1 0.37195 0.15295 0.2097 0.1075
2 0.3535 0.22709999999999997 0.15739999999999998 0.03879999999999997
2 0.34515 0.26860000000000006 0.09670000000000001 0.025400000000000034
3 0.33225000000000005 0.3204 0.11130000000000001 0.04299999999999998
2 0.3414 0.36465 0.1078 0.025499999999999967
0 0.31479999999999997 0.57035 0.050600000000000034 0.048899999999999944
2 0.50325 0.92025 0.16709999999999992 0.03530000000000011
2 0.6536 0.9842000000000002 0.0756 0.025799999999999934
2 0.53555 0.9846000000000001 0.052099999999999924 0.023599999999999954
2 0.4455 0.9858 0.09140000000000004 0.027599999999999958
2 0.3393 0.9856500000000001 0.0938 0.02870000000000006
4 0.06355 0.7674000000000001 0.0825 0.16380000000000006
4 0.14995 0.77305 0.06709999999999999 0.14850000000000008
4 0.32625000000000004 0.7663 0.07390000000000002 0.14959999999999996
4 0.41445 0.76725 0.0741 0.14969999999999994
4 0.5015499999999999 0.7659 0.07409999999999994 0.15459999999999996
4 0.59005 0.7695 0.0817 0.123
4 0.6772 0.7678 0.07220000000000004 0.14859999999999995
4 0.7646 0.76665 0.07320000000000004 0.15190000000000003
4 0.9410499999999999 0.7684500000000001 0.07169999999999999 0.15049999999999997
4 0.85365 0.76825 0.06930000000000003 0.14129999999999998
4 0.44405 0.6066 0.10670000000000002 0.08560000000000001
4 0.61415 0.37835 0.21050000000000002 0.5355
