0 0.2803 0.06185 0.0514 0.04069999999999999
1 0.3577 0.053849999999999995 0.10259999999999997 0.02269999999999999
2 0.32845 0.07555 0.04250000000000004 0.017700000000000007
1 0.38759999999999994 0.379 0.26019999999999993 0.10139999999999999
1 0.3257 0.55325 0.1492 0.04190000000000005
2 0.3285 0.65915 0.1526 0.13250000000000006
1 0.48434999999999995 0.789 0.12669999999999998 0.02980000000000005
1 0.6542174203113418 0.7932 0.12219999999999998 0.03160000000000007
2 0.4999043491055295 0.8386 0.15579130178894096 0.06259999999999999
2 0.6676233261255443 0.8386500000000001 0.14875334774891114 0.05589999999999995
1 0.31020000000000003 0.94445 0.11700000000000005 0.035700000000000065
2 0.30553484062268343 0.8153556040756913 0.11159999999999998 0.1170000000000001
2 0.6474 0.41615 0.1058 0.13189999999999996
1 0.61675 0.16954999999999998 0.042100000000000026 0.037099999999999966
1 0.62685 0.2516 0.06330000000000013 0.03799999999999995
1 0.61385 0.33240000000000003 0.03389999999999993 0.030000000000000027
