1 0.5016 0.07119999999999999 0.9456 0.10739999999999998
2 0.28609999999999997 0.22635000000000005 0.4977999999999999 0.14190000000000005
2 0.29515 0.36975 0.3283 0.022699999999999998
1 0.29545 0.47715 0.27369999999999994 0.03049999999999997
1 0.27465 0.62815 0.25770000000000004 0.050899999999999945
1 0.3049 0.3452 0.34819999999999995 0.03259999999999996
2 0.44789999999999996 0.96675 0.15939999999999993 0.032099999999999906
4 0.5819 0.51095 0.08879999999999999 0.18769999999999998
4 0.11075 0.36145 0.06770000000000001 0.09970000000000001
4 0.12245 0.5085500000000001 0.09049999999999998 0.10570000000000002
4 0.12395 0.6388 0.09349999999999999 0.0958
4 0.32084999999999997 0.8511 0.12489999999999996 0.08340000000000003
2 0.28025 0.51295 0.2479 0.04870000000000008
2 0.2779 0.6836500000000001 0.273 0.07350000000000001
0 0.11245 0.84615 0.0983 0.03210000000000002
0 0.281 0.8402000000000001 0.02679999999999999 0.01100000000000001
0 0.34650000000000003 0.85405 0.024400000000000033 0.0131
0 0.31345 0.83965 0.025499999999999967 0.009700000000000042
0 0.10435 0.34965 0.03609999999999999 0.01629999999999998
0 0.12775 0.493 0.03989999999999999 0.01419999999999999
0 0.12115000000000001 0.621 0.04290000000000001 0.01760000000000006
1 0.21334999999999998 0.88995 0.30909999999999993 0.0847
