0 0.30379999999999996 0.0603 0.1104 0.0886
1 0.3564 0.29635 0.22320000000000004 0.20510000000000003
1 0.49954999999999994 0.65225 0.21969999999999995 0.051100000000000034
2 0.5004 0.7338499999999999 0.39899999999999997 0.09609999999999996
3 0.5000500000000001 0.85585 0.0903000000000001 0.07169999999999999
4 0.5730999999999999 0.37995 0.14639999999999997 0.29729999999999995
4 0.6331 0.2202 0.13579999999999992 0.1028
4 0.7532 0.276 0.1372 0.217
4 0.8753 0.3449 0.14380000000000004 0.28900000000000003
4 0.8192999999999999 0.5205 0.1502 0.1266
4 0.6949000000000001 0.46925000000000006 0.1402 0.22990000000000005
