0 0.2867 0.04185 0.06479999999999997 0.0837
4 0.3113 0.33645 0.1078 0.4341
1 0.6312500000000001 0.31475 0.18669999999999998 0.2667
3 0.58165 0.47519999999999996 0.09530000000000005 0.05739999999999995
1 0.5016 0.683 0.3102000000000001 0.05740000000000001
1 0.49845000000000006 0.96595 0.12730000000000002 0.05269999999999997
2 0.30275 0.8371999999999999 0.053100000000000036 0.04959999999999998
2 0.38160000000000005 0.8395999999999999 0.032799999999999996 0.05120000000000002
2 0.46175 0.8365 0.038299999999999945 0.04500000000000015
2 0.5406 0.83875 0.06479999999999997 0.046499999999999986
2 0.6211 0.84185 0.04139999999999999 0.05269999999999997
2 0.70045 0.83955 0.05630000000000002 0.04810000000000003
