0 0.8498 0.58865 0.07620000000000005 0.05449999999999999
4 0.23714999999999997 0.4985 0.3255 0.8523999999999999
4 0.8391 0.45385 0.05840000000000001 0.14230000000000004
4 0.89195 0.45489999999999997 0.042100000000000026 0.1326
4 0.66105 0.5684 0.08909999999999996 0.8632
4 0.5831 0.8310500000000001 0.06140000000000001 0.3379
1 0.8931500000000001 0.0648 0.18030000000000002 0.05800000000000001
2 0.8714500000000001 0.11789999999999999 0.1401 0.0678
2 0.8832499999999999 0.23935 0.1550999999999999 0.15569999999999998
2 0.84965 0.35259999999999997 0.08329999999999993 0.06899999999999995
3 0.8339000000000001 0.5423 0.04940000000000011 0.02960000000000007
2 0.87565 0.61745 0.055300000000000016 0.01770000000000005
0 0.28995000000000004 0.68045 0.018699999999999994 0.028299999999999992
