0 0.89335 0.90785 0.1371 0.09049999999999991
0 0.28465 0.71285 0.042300000000000004 0.028100000000000014
0 0.39685000000000004 0.7197 0.03650000000000003 0.0252
0 0.1592 0.7083 0.027400000000000008 0.0262
1 0.24155000000000001 0.3185 0.4111000000000001 0.18120000000000003
2 0.24415 0.4882000000000001 0.40830000000000005 0.14419999999999994
4 0.24634999999999999 0.6710499999999999 0.4189 0.1523
0 0.15675 0.8210500000000001 0.0709 0.028900000000000037
0 0.2368 0.8183499999999999 0.0786 0.028900000000000037
0 0.4031 0.82115 0.08100000000000002 0.02969999999999995
